Problem I:

xs<- c(151, 450, 124, 235, 357, 110, 302, 671, 118, 115,
275, 275, 2550, 243, 201, 199, 130, 119, 92, 91, 92, 98, 1650, 
1200, 1180, 900, 700, 460, 340, 330)

xus<- c(246, 268, 275, 348, 305, 311, 206, 279, 426,
269, 257, 299, 337, 329, 319, 312, 327, 342, 351, 205, 151,
426, 154, 353, 396, 441, 254, 263, 278, 281)


Problem II:

x =c(2.526,  2.546,  2.628,  2.669,  2.869,  2.710,  2.731,  2.751,  2.771,  
     2.772,  2.782,  2.789,  2.793, 2.834,
\item[]  2.844, 2.854,  2.875,  
     2.876,  2.895,  2.916,  2.919,  2.957,  2.977,  2.988,  3,  3,  3,  3)


Problem IV:

x = c(.18, 3.1,   4.2,    6.0,    7.5,    8.2,    8.5,   10.3,   10.6,   24.2,

 29.6,  31.7,  41.9,   44.1,   49.5,   50.1,   59.7,   61.7,   64.4,   69.7
,
 70.0,  77.8,  80.5,   82.3,   83.5,   84.2,   87.1,   87.3,   93.2,  103.4,
104.6, 105.5, 108.8,  112.6,  116.8,  118.0,  122.3,  123.5,  124.4,  125.4, 

129.5, 130.4, 131.6,  132.8,  133.8,  137.0,  140.2,  140.9,  148.5,  149.2
, 
152.2, 152.9, 157.7,  160.0,  163.6,  166.9,  170.5,  174.9,  177.7,  179.2
, 
183.6, 183.8, 194.3,  195.1,  195.3,  202.6,  220.0,  221.3,  227.2,  251.0,
266.5, 267.9, 269.2,  270.4,  272.5,  285.9,  292.6,  295.1,  301.1,  304.3,

316.8, 329.8, 334.1,  346.2,  351.2,  353.3,  369.3,  372.3,  381.3,  393.5,

451.3, 461.5, 574.2,  656.3,  663.0,  669.8,  739.7,  759.6,  894.7,  974.9)


Problem V:

y = c(19.7, 21.6, 21.9, 23.5, 24.2, 24.4, 24.9, 25.1,
 26.4, 26.9, 27.6, 27.7, 
27.9, 28.4, 29.8, 30.7,
 31.1, 31.1, 31.7, 31.8, 32.6, 34.0, 34.8, 34.9,
 35.1, 
36.6, 37.0, 37.7, 38.7, 38.7, 39.0, 39.6,
 40.0, 41.4, 41.4, 41.8, 42.2, 43.5, 
44.5, 45.0,
 45.5, 45.9, 46.3, 46.7, 46.7, 47.0, 47.0, 47.4,
 47.6, 48.6, 48.8, 
57.9, 58.3, 67.9, 84.2, 97.3)